3.000 3.000 3.000 3.000 0.000 0.000
3.000 3.000 3.000 3.000 0.000 0.000
3.000 3.000 3.000 3.000 0.000 0.000
3.000 3.000 3.000 3.000 0.000 0.000
3.000 3.000 3.000 3.000 0.000 0.000
3.000 3.000 3.000 3.000 0.000 0.000
3.000 3.000 3.000 3.000 0.000 0.000
3.000 3.000 0.840 3.000 0.000 0.000
3.000 3.000 0.840 3.000 0.000 0.000
3.000 3.000 0.840 3.000 0.000 0.000
3.000 3.000 0.840 3.000 0.000 0.000
3.000 3.000 0.840 3.000 0.000 0.000
3.000 3.000 0.840 3.000 0.000 0.000
3.000 3.000 0.840 3.000 0.000 0.000
3.000 3.000 0.840 3.000 0.000 0.000
3.000 3.000 0.840 3.000 0.000 0.000
1.081 1.812 0.815 1.860 0.000 0.000
1.081 1.812 0.815 1.860 0.000 0.000
1.081 1.812 0.815 1.860 0.000 0.000
1.081 1.812 0.815 1.860 0.000 0.000
1.081 1.812 0.815 1.860 0.000 0.000
1.081 1.812 0.815 1.860 0.000 0.000
1.081 1.812 0.815 1.860 0.000 0.000
1.081 1.812 0.815 1.860 0.000 0.000
1.081 1.812 0.815 1.860 0.000 0.000
1.081 1.812 0.815 1.860 0.000 0.000
1.081 1.812 0.815 1.860 0.000 0.000
1.081 1.812 0.815 1.860 0.000 0.000
1.803 3.000 1.582 0.655 0.000 0.000
1.803 3.000 1.582 0.655 0.000 0.000
1.803 3.000 1.582 0.655 0.000 0.000
1.793 3.000 1.592 0.654 0.200 0.000
1.741 3.000 1.644 0.653 0.200 0.000
1.647 3.000 1.738 0.651 0.400 0.000
1.543 3.000 1.842 0.649 0.400 0.000
1.440 3.000 1.946 0.646 0.400 0.000
1.336 3.000 2.049 0.644 0.400 0.000
1.232 3.000 2.154 0.641 0.400 0.000
1.128 3.000 2.258 0.639 0.400 0.000
1.024 3.000 2.361 0.636 0.400 0.000
0.920 3.000 2.465 0.634 0.400 0.000
0.816 3.000 2.569 0.631 0.400 0.000
0.715 3.000 2.671 0.628 0.400 1.000
0.659 3.000 2.646 0.674 0.400 1.000
0.738 3.000 1.207 0.898 0.400 2.000
1.289 3.000 0.877 0.510 0.400 1.000
2.878 2.987 0.848 0.417 0.400 2.000
2.813 3.000 0.960 0.439 0.400 0.000
2.672 2.976 1.055 0.443 0.400 -1.000
2.568 2.981 1.158 0.447 0.400 0.000
2.463 2.986 1.263 0.450 0.400 0.000
2.359 2.990 1.367 0.454 0.400 0.000
2.255 2.995 1.471 0.458 0.400 0.000
2.151 2.999 1.575 0.461 0.400 0.000
2.047 3.000 1.679 0.465 0.400 0.000
1.944 3.000 1.783 0.468 0.400 0.000
1.840 3.000 1.886 0.472 0.400 0.000
1.736 3.000 1.990 0.476 0.400 0.000
1.632 3.000 2.094 0.479 0.400 0.000
1.528 3.000 2.198 2.692 0.400 0.000
1.443 3.000 2.343 2.716 0.400 -1.000
1.353 3.000 2.475 2.721 0.400 0.000
1.249 3.000 2.580 2.701 0.400 0.000
1.144 3.000 2.685 2.681 0.400 0.000
1.040 3.000 2.788 2.661 0.400 0.000
1.014 2.379 3.000 3.000 0.400 -1.000
1.101 1.415 3.000 3.000 0.400 -1.000
1.373 0.981 3.000 3.000 0.400 -1.000
2.174 0.770 3.000 3.000 0.400 -1.000
2.288 0.684 3.000 1.420 0.400 -1.000
2.183 0.688 3.000 3.000 0.400 -1.000
2.079 0.703 3.000 3.000 0.400 0.000
1.975 0.718 3.000 3.000 0.400 0.000
1.871 0.733 3.000 1.461 0.400 0.000
1.767 0.748 3.000 2.379 0.400 0.000
1.662 0.763 3.000 2.984 0.400 0.000
1.559 0.778 3.000 2.966 0.400 0.000
1.455 0.793 3.000 2.947 0.400 0.000
1.351 0.808 3.000 2.929 0.400 0.000
1.247 0.822 3.000 2.910 0.400 0.000
1.168 0.860 3.000 2.964 0.400 -1.000
1.196 1.015 1.959 2.025 0.400 -1.000
1.293 1.282 1.501 1.560 0.400 0.000
3.000 1.447 1.508 1.579 0.400 -1.000
2.982 0.979 1.287 1.312 0.400 -1.000
2.569 0.805 1.229 1.186 0.400 -1.000
2.382 0.746 1.277 3.000 0.400 -1.000
2.283 0.746 1.382 3.000 0.400 0.000
2.180 0.748 1.485 3.000 0.400 0.000
2.076 0.750 1.589 1.140 0.400 0.000
1.972 0.751 1.693 1.140 0.400 0.000
1.868 0.753 1.797 1.140 0.400 0.000
1.764 0.754 1.901 1.140 0.400 0.000
1.681 3.000 1.984 1.140 0.400 0.000
1.563 3.000 2.102 1.140 0.600 0.000
1.407 3.000 2.258 1.140 0.600 0.000
1.250 3.000 2.414 1.139 0.600 0.000
1.136 3.000 2.529 1.139 0.400 0.000
1.033 3.000 2.658 1.158 0.400 1.000
0.999 3.000 2.970 1.291 0.400 1.000
1.057 3.000 3.000 1.541 0.400 1.000
1.275 1.150 1.624 1.016 0.400 1.000
1.895 1.715 1.485 0.774 0.400 1.000
2.889 2.532 1.513 0.686 0.400 0.000
3.000 3.000 1.581 0.634 0.400 1.000
3.000 3.000 1.682 0.622 0.400 0.000
3.000 3.000 1.797 0.621 0.400 0.000
3.000 3.000 1.900 0.626 0.400 0.000
3.000 3.000 2.004 0.630 0.400 0.000
3.000 3.000 2.110 0.634 0.400 0.000
3.000 1.296 2.213 0.639 0.400 0.000
3.000 1.055 2.358 0.651 0.400 1.000
3.000 3.000 2.621 0.704 0.400 0.000
3.000 1.100 2.724 0.737 0.400 0.000
3.000 1.470 2.859 0.778 0.600 0.000
3.000 2.244 3.000 0.812 0.600 -1.000
3.000 2.808 2.943 0.802 0.600 0.000
3.000 2.803 3.000 0.804 0.000 0.000
3.000 2.803 3.000 0.804 0.000 0.000
3.000 3.000 3.000 3.000 0.000 0.000
3.000 3.000 3.000 3.000 0.000 0.000
3.000 3.000 3.000 3.000 0.000 0.000
3.000 3.000 3.000 3.000 0.000 0.000
3.000 3.000 3.000 3.000 0.000 0.000
3.000 3.000 3.000 3.000 0.000 0.000
3.000 3.000 3.000 3.000 0.000 0.000
1.081 1.812 0.815 1.860 0.000 0.000
1.081 1.812 0.815 1.860 0.000 0.000
1.081 1.812 0.815 1.860 0.000 0.000
1.081 1.812 0.815 1.860 0.000 0.000
1.081 1.812 0.815 1.860 0.000 0.000
1.081 1.812 0.815 1.860 0.000 0.000
1.081 1.812 0.815 1.860 0.000 0.000
1.081 1.812 0.815 1.860 0.000 0.000
2.844 3.000 0.544 0.709 0.000 0.000
2.844 3.000 0.544 0.709 0.000 0.000
2.844 3.000 0.544 0.709 0.000 0.000
2.844 3.000 0.544 0.709 0.000 0.000
2.844 3.000 0.544 0.709 0.000 0.000
2.828 3.000 0.560 0.709 0.325 0.236
2.758 3.000 0.645 0.710 0.326 0.236
2.698 3.000 0.733 0.719 0.326 0.236
2.658 3.000 0.807 0.734 0.326 0.236
2.616 3.000 0.904 0.760 0.326 0.237
2.586 3.000 1.006 0.795 0.326 0.237
2.567 3.000 1.114 0.841 0.326 0.237
2.560 3.000 1.230 0.898 0.326 0.237
2.566 2.972 1.355 0.967 0.326 0.236
3.000 2.779 1.490 1.051 0.325 0.235
3.000 2.632 1.638 1.150 0.323 0.231
3.000 2.518 1.728 1.266 0.319 0.225
3.000 2.431 1.676 1.399 0.313 0.213
3.000 2.366 1.647 1.549 0.303 0.192
3.000 2.326 1.639 1.708 0.292 0.158
3.000 2.311 1.652 1.865 0.281 0.112
3.000 2.323 1.686 2.005 0.275 0.064
3.000 2.358 1.737 2.122 0.273 0.026
3.000 2.410 1.802 2.218 0.273 0.000
3.000 2.474 1.875 2.298 0.273 -0.015
2.924 2.513 1.930 1.946 0.285 0.132
2.768 2.494 1.944 1.842 0.291 0.155
2.611 2.469 1.955 1.741 0.296 0.173
2.458 2.440 1.968 1.647 0.300 0.185
2.311 2.411 1.985 1.563 0.304 0.194
2.173 2.384 2.006 1.489 0.307 0.201
2.044 2.359 2.033 1.425 0.309 0.206
1.924 2.338 2.066 1.371 0.310 0.209
1.810 2.319 2.106 1.327 0.312 0.212
1.704 2.304 2.153 1.293 0.312 0.213
1.605 2.292 2.206 1.268 0.313 0.215
1.527 2.284 2.267 1.252 0.313 0.215
1.441 2.285 2.338 3.000 0.291 -0.285
1.374 2.312 2.430 3.000 0.291 -0.280
1.297 2.363 2.541 1.248 0.316 0.220
1.233 2.412 2.648 3.000 0.290 -0.265
1.172 2.470 2.760 3.000 0.289 -0.258
1.123 2.561 2.903 3.000 0.287 -0.243
1.078 2.520 3.000 3.000 0.286 -0.229
1.024 2.159 3.000 3.000 0.291 -0.275
0.977 1.830 3.000 3.000 0.294 -0.303
0.937 1.546 3.000 3.000 0.296 -0.320
0.905 1.305 3.000 3.000 0.297 -0.332
0.880 1.104 3.000 1.259 0.298 -0.341
0.848 0.958 3.000 1.257 0.298 -0.348
0.824 0.828 3.000 1.261 0.298 -0.354
0.797 0.726 3.000 1.254 0.270 -0.074
0.780 0.633 3.000 1.254 0.272 -0.106
0.773 0.550 3.000 1.262 0.299 -0.367
0.768 0.458 3.000 1.262 0.275 -0.167
0.764 0.395 3.000 3.000 0.276 -0.183
0.794 0.336 3.000 1.275 0.279 -0.208
0.836 0.288 3.000 1.293 0.281 -0.226
0.916 0.247 3.000 1.332 0.283 -0.244
1.066 0.213 3.000 1.405 0.286 -0.262
1.355 0.186 3.000 1.543 0.289 -0.281
2.018 0.167 3.000 1.835 0.293 -0.297
2.315 0.156 3.000 2.656 0.297 -0.319
2.229 0.153 3.000 3.000 0.298 -0.325
2.160 0.159 2.471 3.000 0.298 -0.332
2.113 0.175 1.501 3.000 0.302 -0.411
2.103 0.207 0.949 3.000 0.306 -0.522
2.160 0.265 0.679 3.000 0.308 -0.597
2.302 0.360 0.559 3.000 0.308 -0.599
3.000 0.494 0.523 3.000 0.303 -0.450
3.000 0.671 0.528 3.000 0.302 -0.437
3.000 0.919 0.549 3.000 0.301 -0.419
3.000 1.279 0.583 3.000 0.300 -0.394
3.000 1.690 0.617 3.000 0.297 -0.360
3.000 1.689 0.669 3.000 0.297 -0.356
3.000 1.620 0.725 3.000 0.297 -0.356
2.916 1.577 0.788 3.000 0.298 -0.358
2.827 1.556 0.859 3.000 0.298 -0.360
2.765 1.558 0.939 3.000 0.298 -0.357
2.728 1.582 1.029 3.000 0.297 -0.351
1.918 1.629 1.131 3.000 0.300 -0.406
1.168 1.718 1.259 3.000 0.303 -0.488
0.825 3.000 1.396 2.876 0.278 -0.243
0.653 3.000 1.515 2.723 0.271 -0.173
0.529 3.000 1.627 2.655 0.268 -0.135
0.426 3.000 1.735 2.625 0.267 -0.114
0.333 3.000 1.841 2.613 0.267 -0.102
0.247 3.000 1.950 2.611 0.267 -0.095
0.164 3.000 2.061 2.613 0.267 -0.091
0.086 3.000 2.173 2.619 0.268 -0.087
0.108 3.000 2.163 0.024 0.323 0.235
0.172 3.000 2.062 0.011 0.322 0.234
0.302 3.000 2.020 0.001 0.323 0.234
0.532 3.000 2.035 -0.004 0.324 0.236
1.048 3.000 2.082 -0.007 0.327 0.238
1.566 3.000 2.150 -0.008 0.328 0.239
1.471 3.000 2.230 -0.008 0.328 0.239
1.385 3.000 2.319 -0.004 0.328 0.239
1.303 3.000 2.418 0.006 0.329 0.239
1.229 3.000 0.712 0.022 0.311 0.224
1.162 3.000 0.593 0.043 0.305 0.219
1.100 3.000 0.533 0.070 0.301 0.215
1.042 3.000 0.504 0.102 0.298 0.212
0.988 1.976 0.495 0.140 0.270 0.184
0.939 1.992 0.500 0.181 0.269 0.182
0.893 2.009 0.511 0.228 0.269 0.182
0.848 2.030 0.527 0.282 0.269 0.182
0.806 2.053 0.547 0.344 0.270 0.182
0.764 2.079 0.571 0.415 0.272 0.183
0.724 2.109 0.598 0.497 0.274 0.184
0.685 2.142 0.629 0.846 0.271 0.173
0.647 2.178 0.662 0.716 0.276 0.183
0.611 2.223 0.696 0.600 0.279 0.189
0.577 2.279 0.733 0.497 0.282 0.193
0.552 2.333 0.763 0.424 0.284 0.197
0.522 2.416 0.805 0.343 0.287 0.201
0.497 2.517 0.848 0.272 0.290 0.204
0.475 2.645 0.894 0.211 0.294 0.208
0.459 2.812 0.943 0.158 0.298 0.212
0.451 3.000 0.995 0.112 0.303 0.216
0.453 3.000 1.051 0.073 0.305 0.218
0.474 3.000 1.110 0.040 0.307 0.220
0.524 3.000 1.174 0.013 0.310 0.223
0.799 3.000 1.242 0.002 0.317 0.229
1.772 3.000 1.321 0.000 0.326 0.237
3.000 3.000 3.000 -0.000 0.330 0.241
3.000 3.000 2.934 0.001 0.330 0.241
3.000 3.000 1.304 0.008 0.329 0.240
3.000 3.000 0.857 0.021 0.328 0.238
3.000 3.000 0.666 0.041 0.327 0.238
3.000 3.000 0.587 0.061 0.326 0.237
3.000 3.000 0.533 0.093 0.326 0.237
3.000 3.000 0.510 0.133 0.326 0.237
3.000 3.000 0.506 0.181 0.326 0.237
3.000 3.000 0.514 0.240 0.326 0.237
3.000 3.000 0.531 0.310 0.326 0.237
3.000 3.000 0.554 0.393 0.326 0.237
3.000 3.000 0.583 0.492 0.326 0.237
3.000 3.000 0.617 0.611 0.326 0.237
3.000 3.000 0.654 0.755 0.326 0.237
3.000 3.000 0.696 0.930 0.326 0.236
3.000 3.000 0.740 1.143 0.324 0.233
3.000 3.000 0.787 1.405 0.321 0.228
3.000 2.868 0.838 1.725 0.311 0.210
3.000 2.845 0.880 2.005 0.290 0.155
2.975 2.839 0.940 2.320 0.273 0.049
2.899 2.861 1.009 2.502 0.271 -0.025
2.838 3.000 1.083 2.617 0.272 -0.035
2.785 3.000 1.162 2.692 0.273 -0.067
2.742 3.000 1.245 2.727 0.273 -0.080
2.703 3.000 1.332 2.745 0.274 -0.085
2.667 3.000 1.421 2.756 0.274 -0.087
2.703 0.740 1.560 2.572 0.297 -0.345
2.807 0.839 1.745 2.354 0.295 -0.316
2.933 0.959 1.952 2.213 0.292 -0.283
3.000 1.097 2.177 2.121 0.288 -0.247
3.000 1.249 2.412 2.065 0.284 -0.207
3.000 1.412 2.647 2.036 0.280 -0.163
3.000 1.574 2.865 2.028 0.277 -0.119
3.000 1.729 3.000 2.038 0.275 -0.087
3.000 1.871 3.000 2.060 0.274 -0.056
3.000 2.000 3.000 2.090 0.273 -0.032
3.000 2.117 3.000 2.127 0.273 -0.015
3.000 2.182 3.000 2.173 0.273 -0.007
3.000 2.123 3.000 2.208 0.273 -0.039
3.000 2.069 3.000 2.226 0.274 -0.068
3.000 1.992 3.000 2.240 0.275 -0.093
3.000 1.914 3.000 2.245 0.277 -0.115
3.000 1.836 3.000 2.243 0.278 -0.132
3.000 1.693 3.000 2.235 0.280 -0.161
3.000 1.630 3.000 2.222 0.281 -0.170
3.000 1.574 3.000 2.210 0.282 -0.176
3.000 1.526 3.000 2.197 0.282 -0.182
3.000 1.485 3.000 2.186 0.283 -0.186
3.000 1.452 1.970 2.176 0.284 -0.213
3.000 1.427 2.017 2.167 0.285 -0.213
3.000 1.410 2.070 2.160 0.285 -0.213
3.000 1.403 2.130 2.157 0.285 -0.211
3.000 1.404 2.198 2.157 0.284 -0.209
3.000 1.414 2.272 2.159 0.284 -0.206
3.000 1.433 2.353 2.164 0.284 -0.204
3.000 1.454 2.423 2.170 0.284 -0.199
3.000 1.488 2.518 2.179 0.283 -0.193
3.000 1.530 2.619 2.190 0.283 -0.187
3.000 1.580 2.727 2.202 0.282 -0.178
3.000 1.638 2.841 2.214 0.281 -0.169
3.000 1.702 2.960 2.226 0.280 -0.157
3.000 3.000 3.000 2.169 0.295 0.169
3.000 3.000 3.000 2.100 0.300 0.182
3.000 3.000 3.000 2.049 0.303 0.190
3.000 3.000 3.000 2.004 0.000 0.000
3.000 3.000 3.000 2.004 0.000 0.000
3.000 3.000 3.000 2.004 0.000 0.000
3.000 3.000 3.000 2.004 0.000 0.000
3.000 3.000 3.000 2.004 0.000 0.000
3.000 3.000 3.000 2.004 0.000 0.000
2.248 2.987 1.151 0.754 0.000 0.000
2.248 2.987 1.151 0.754 0.000 0.000
2.248 2.987 1.151 0.754 0.000 0.000
2.248 2.987 1.151 0.754 0.000 0.000
2.248 2.987 1.151 0.754 0.000 0.000
2.248 2.987 1.151 0.754 0.000 0.000
2.248 2.987 1.151 0.754 0.000 0.000
2.248 2.987 1.151 0.754 0.000 0.000
2.248 2.987 1.151 0.754 0.000 0.000
2.248 2.987 1.151 0.754 0.000 0.000
2.248 2.987 1.151 0.754 0.000 0.000
2.248 2.987 1.151 0.754 0.000 0.000
2.248 2.987 1.151 0.754 0.000 0.000
2.248 2.987 1.151 0.754 0.000 0.000
2.248 2.987 1.151 0.754 0.000 0.000
2.248 2.987 1.151 0.754 0.000 0.000
2.248 2.987 1.151 0.754 0.000 0.000
2.248 2.987 1.151 0.754 0.000 0.000
2.248 2.987 1.151 0.754 0.000 0.000
2.248 2.987 1.151 0.754 0.000 0.000
2.248 2.987 1.151 0.754 0.000 0.000
2.248 2.987 1.151 0.754 0.000 0.000
2.248 2.987 1.151 0.754 0.000 0.000
2.248 2.987 1.151 0.754 0.000 0.000
2.248 2.987 1.151 0.754 0.000 0.000
2.248 2.987 1.151 0.754 0.000 0.000
2.248 2.987 1.151 0.754 0.000 0.000
2.248 2.987 1.151 0.754 0.000 0.000
2.248 2.987 1.151 0.754 0.000 0.000
2.248 2.987 1.151 0.754 0.000 0.000
2.248 2.987 1.151 0.754 0.000 0.000
2.248 2.987 1.151 0.754 0.000 0.000
2.248 2.987 1.151 0.754 0.000 0.000
2.248 2.987 1.151 0.754 0.000 0.000
2.248 2.987 1.151 0.754 0.000 0.000
2.248 2.987 1.151 0.754 0.000 0.000
2.248 2.987 1.151 0.754 0.000 0.000
2.248 2.987 1.151 0.754 0.000 0.000
2.248 2.987 1.151 0.754 0.000 0.000
2.248 2.987 1.151 0.754 0.000 0.000
2.248 2.987 1.151 0.754 0.000 0.000
2.248 2.987 1.151 0.754 0.000 0.000
2.248 2.987 1.151 0.754 0.000 0.000
2.248 2.987 1.151 0.754 0.000 0.000
2.248 2.987 1.151 0.754 0.000 0.000
2.248 2.987 1.151 0.754 0.000 0.000
2.248 2.987 1.151 0.754 0.000 0.000
2.248 2.987 1.151 0.754 0.000 0.000
2.248 2.987 1.151 0.754 0.000 0.000
2.248 2.987 1.151 0.754 0.000 0.000
2.248 2.987 1.151 0.754 0.000 0.000
2.248 2.987 1.151 0.754 0.000 0.000
2.248 2.987 1.151 0.754 0.000 0.000
2.248 2.987 1.151 0.754 0.000 0.000
2.248 2.987 1.151 0.754 0.000 0.000
2.248 2.987 1.151 0.754 0.000 0.000
2.248 2.987 1.151 0.754 0.000 0.000
2.248 2.987 1.151 0.754 0.000 0.000
2.248 2.987 1.151 0.754 0.000 0.000
2.248 2.987 1.151 0.754 0.000 0.000
2.248 2.987 1.151 0.754 0.000 0.000
2.248 2.987 1.151 0.754 0.000 0.000
2.248 2.987 1.151 0.754 0.000 0.000
2.248 2.987 1.151 0.754 0.000 0.000
2.248 2.987 1.151 0.754 0.000 0.000
2.248 2.987 1.151 0.754 0.000 0.000
2.248 2.987 1.151 0.754 0.000 0.000
2.248 2.987 1.151 0.754 0.000 0.000
2.248 2.987 1.151 0.754 0.000 0.000
2.248 2.987 1.151 0.754 0.000 0.000
2.248 2.987 1.151 0.754 0.000 0.000
2.248 2.987 1.151 0.754 0.000 0.000
2.248 2.987 1.151 0.754 0.000 0.000
2.248 2.987 1.151 0.754 0.000 0.000
2.248 2.987 1.151 0.754 0.000 0.000
2.248 2.987 1.151 0.754 0.000 0.000
2.248 2.987 1.151 0.754 0.000 0.000
2.248 2.987 1.151 0.754 0.000 0.000
2.248 2.987 1.151 0.754 0.000 0.000
2.248 2.987 1.151 0.754 0.000 0.000
2.248 2.987 1.151 0.754 0.000 0.000
2.248 2.987 1.151 0.754 0.000 0.000
2.248 2.987 1.151 0.754 0.000 0.000
2.248 2.987 1.151 0.754 0.000 0.000
2.248 2.987 1.151 0.754 0.000 0.000
2.248 2.987 1.151 0.754 0.000 0.000
2.248 2.987 1.151 0.754 0.000 0.000
2.248 2.987 1.151 0.754 0.000 0.000
2.248 2.987 1.151 0.754 0.000 0.000
2.248 2.987 1.151 0.754 0.000 0.000
2.248 2.987 1.151 0.754 0.000 0.000
2.248 2.987 1.151 0.754 0.000 0.000
2.248 2.987 1.151 0.754 0.000 0.000
2.248 2.987 1.151 0.754 0.000 0.000
2.248 2.987 1.151 0.754 0.000 0.000
2.248 2.987 1.151 0.754 0.000 0.000
2.248 2.987 1.151 0.754 0.000 0.000
2.248 2.987 1.151 0.754 0.000 0.000
2.248 2.987 1.151 0.754 0.000 0.000
2.248 2.987 1.151 0.754 0.000 0.000
2.248 2.987 1.151 0.754 0.000 0.000
2.248 2.987 1.151 0.754 0.000 0.000
2.248 2.987 1.151 0.754 0.000 0.000
2.248 2.987 1.151 0.754 0.000 0.000
2.248 2.987 1.151 0.754 0.000 0.000
2.248 2.987 1.151 0.754 0.000 0.000
2.248 2.987 1.151 0.754 0.000 0.000
2.248 2.987 1.151 0.754 0.000 0.000
2.248 2.987 1.151 0.754 0.000 0.000
2.248 2.987 1.151 0.754 0.000 0.000
2.248 2.987 1.151 0.754 0.000 0.000
2.248 2.987 1.151 0.754 0.000 0.000
2.248 2.987 1.151 0.754 0.000 0.000
2.248 2.987 1.151 0.754 0.000 0.000
2.248 2.987 1.151 0.754 0.000 0.000
2.248 2.987 1.151 0.754 0.000 0.000
2.248 2.987 1.151 0.754 0.000 0.000
2.248 2.987 1.151 0.754 0.000 0.000
2.248 2.987 1.151 0.754 0.000 0.000
2.248 2.987 1.151 0.754 0.000 0.000
2.248 2.987 1.151 0.754 0.000 0.000
2.248 2.987 1.151 0.754 0.000 0.000
2.248 2.987 1.151 0.754 0.000 0.000
2.248 2.987 1.151 0.754 0.000 0.000
2.248 2.987 1.151 0.754 0.000 0.000
2.248 2.987 1.151 0.754 0.000 0.000
2.248 2.987 1.151 0.754 0.000 0.000
2.248 2.987 1.151 0.754 0.000 0.000
2.248 2.987 1.151 0.754 0.000 0.000
2.248 2.987 1.151 0.754 0.000 0.000
2.248 2.987 1.151 0.754 0.000 0.000
2.248 2.987 1.151 0.754 0.000 0.000
2.248 2.987 1.151 0.754 0.000 0.000
2.248 2.987 1.151 0.754 0.000 0.000
2.248 2.987 1.151 0.754 0.000 0.000
2.248 2.987 1.151 0.754 0.000 0.000
2.248 2.987 1.151 0.754 0.000 0.000
2.248 2.987 1.151 0.754 0.000 0.000
2.248 2.987 1.151 0.754 0.000 0.000
2.248 2.987 1.151 0.754 0.000 0.000
2.248 2.987 1.151 0.754 0.000 0.000
2.248 2.987 1.151 0.754 0.000 0.000
2.248 2.987 1.151 0.754 0.000 0.000
2.248 2.987 1.151 0.754 0.000 0.000
2.248 2.987 1.151 0.754 0.000 0.000
2.248 2.987 1.151 0.754 0.000 0.000
2.248 2.987 1.151 0.754 0.000 0.000
2.207 2.990 1.203 0.757 0.326 0.237
2.145 2.999 1.295 0.770 0.326 0.237
2.091 3.000 1.393 0.791 0.326 0.237
2.045 3.000 1.498 0.822 0.327 0.237
2.008 3.000 1.611 0.862 0.327 0.237
1.979 3.000 1.734 0.914 0.327 0.237
1.959 3.000 1.868 0.978 0.327 0.236
1.949 3.000 2.016 1.055 0.326 0.236
1.950 3.000 1.951 1.148 0.325 0.235
3.000 3.000 1.845 1.258 0.325 0.234
3.000 3.000 1.770 1.388 0.323 0.231
3.000 3.000 1.719 1.541 0.320 0.226
3.000 3.000 1.688 1.718 0.315 0.217
3.000 2.989 1.675 1.920 0.305 0.197
3.000 2.909 1.669 1.502 0.320 0.225
2.893 2.837 1.672 1.386 0.321 0.228
2.704 2.776 1.684 1.287 0.322 0.229
2.533 2.724 1.704 1.204 0.323 0.231
2.380 2.680 1.732 1.135 0.323 0.231
2.240 2.643 1.767 1.079 0.323 0.232
2.112 2.613 1.809 1.033 0.324 0.232
1.995 2.589 1.859 0.999 0.324 0.233
1.887 2.571 1.915 0.974 0.324 0.233
1.789 2.558 1.979 0.958 0.324 0.233
1.698 2.550 2.050 0.952 0.324 0.233
1.613 2.547 2.129 0.955 0.324 0.233
1.534 2.550 2.208 3.000 0.288 -0.256
1.461 2.568 2.292 3.000 0.288 -0.253
1.395 2.603 2.387 3.000 0.287 -0.246
1.335 2.653 2.492 3.000 0.286 -0.236
1.280 2.718 2.607 3.000 0.285 -0.223
1.229 2.797 2.730 3.000 0.284 -0.206
1.179 2.886 2.860 3.000 0.282 -0.186
1.131 2.648 2.999 3.000 0.286 -0.224
1.094 2.183 3.000 3.000 0.292 -0.280
1.069 1.795 3.000 3.000 0.295 -0.307
1.058 1.488 3.000 3.000 0.296 -0.322
1.062 1.250 3.000 3.000 0.297 -0.331
1.083 1.063 3.000 0.985 0.286 0.139
1.091 0.936 3.000 3.000 0.298 -0.340
1.116 0.829 3.000 3.000 0.298 -0.342
1.161 0.713 3.000 3.000 0.298 -0.343
1.237 0.631 3.000 3.000 0.298 -0.342
1.355 0.564 3.000 0.990 0.271 0.018
1.462 0.514 3.000 3.000 0.298 -0.337
1.713 0.469 3.000 3.000 0.298 -0.331
2.116 0.434 3.000 3.000 0.297 -0.323
2.325 0.408 3.000 3.000 0.297 -0.320
2.221 0.391 3.000 3.000 0.297 -0.322
2.129 0.381 3.000 3.000 0.297 -0.324
2.048 0.378 3.000 1.159 0.274 -0.098
1.978 0.383 3.000 1.378 0.281 -0.181
1.912 0.391 3.000 1.381 0.280 -0.182
1.851 0.405 2.937 1.382 0.280 -0.181
1.795 0.425 2.414 1.357 0.280 -0.202
1.747 0.450 2.041 1.312 0.279 -0.218
1.707 0.484 1.776 1.265 0.277 -0.230
1.676 0.525 1.521 1.220 0.275 -0.246
1.655 0.577 1.362 1.181 0.271 -0.244
1.641 0.639 1.259 1.156 0.267 -0.230
1.631 0.708 1.198 1.148 0.264 -0.207
1.621 0.784 1.168 1.153 0.261 -0.178
1.607 0.865 1.161 1.171 0.260 -0.150
1.587 0.948 1.171 1.198 0.259 -0.124
1.561 1.035 1.193 1.232 0.259 -0.101
1.529 1.121 1.225 1.273 0.259 -0.082
3.000 1.208 1.265 1.318 0.260 -0.066
1.418 1.272 1.337 1.398 0.271 0.022
3.000 1.340 1.406 1.473 0.271 0.011
3.000 1.413 1.470 1.544 0.271 0.003
3.000 1.297 1.531 1.611 0.272 -0.053
3.000 1.193 1.566 1.646 0.274 -0.099
3.000 1.082 1.585 1.660 0.276 -0.136
3.000 0.973 1.595 1.659 0.278 -0.165
3.000 0.871 1.601 1.649 0.280 -0.187
2.841 0.777 1.607 1.634 0.282 -0.209
2.665 0.692 1.614 1.613 0.283 -0.230
2.500 0.619 1.624 1.591 0.284 -0.250
2.349 0.556 1.639 1.568 0.285 -0.267
2.210 0.504 1.662 1.546 0.286 -0.283
2.086 0.463 1.692 1.527 0.287 -0.296
1.977 0.432 1.732 1.512 0.287 -0.306
1.883 0.412 1.783 1.501 0.288 -0.312
1.802 0.401 1.847 1.495 0.288 -0.314
1.734 0.401 1.923 1.494 0.288 -0.311
1.649 3.000 2.002 1.492 0.320 0.226
1.563 3.000 2.087 1.498 0.320 0.226
1.483 3.000 2.179 1.514 0.320 0.226
1.409 3.000 2.280 1.542 0.319 0.225
1.340 3.000 2.390 1.580 0.318 0.224
1.275 3.000 2.510 1.631 0.317 0.222
1.214 3.000 2.641 1.694 0.316 0.219
1.169 3.000 2.755 1.754 0.314 0.215
1.114 3.000 2.910 1.842 0.310 0.208
1.063 3.000 3.000 2.371 0.279 0.098
1.009 3.000 3.000 2.061 0.298 0.180
0.962 3.000 3.000 1.730 0.315 0.217
0.919 3.000 3.000 1.438 0.322 0.230
0.881 3.000 3.000 1.197 0.326 0.235
0.846 3.000 3.000 0.998 0.327 0.237
0.817 3.000 3.000 0.832 0.328 0.238
0.793 3.000 3.000 0.695 0.328 0.239
0.776 3.000 2.591 0.580 0.328 0.238
0.767 3.000 2.565 0.484 0.328 0.238
0.769 3.000 2.555 0.403 0.328 0.238
0.784 3.000 2.558 0.336 0.328 0.239
0.819 3.000 2.573 0.279 0.328 0.239
0.884 3.000 2.600 0.233 0.328 0.239
0.996 3.000 2.638 0.194 0.328 0.239
1.144 3.000 2.677 0.170 0.329 0.239
1.481 3.000 2.736 0.145 0.329 0.240
2.201 3.000 2.805 0.128 0.330 0.240
3.000 3.000 2.886 0.117 0.330 0.241
3.000 3.000 2.978 0.113 0.330 0.241
3.000 3.000 3.000 0.116 0.330 0.241
3.000 3.000 2.044 0.125 0.330 0.240
3.000 3.000 1.394 0.141 0.329 0.240
3.000 3.000 1.088 0.164 0.328 0.239
3.000 3.000 0.922 0.194 0.328 0.239
3.000 3.000 0.826 0.232 0.327 0.238
3.000 2.971 0.772 0.279 0.327 0.238
3.000 2.792 0.744 0.336 0.327 0.237
3.000 2.732 0.737 0.362 0.000 0.000
3.000 2.732 0.737 0.362 0.000 0.000
3.000 2.732 0.737 0.362 0.000 0.000
3.000 2.732 0.737 0.362 0.000 0.000
3.000 2.732 0.737 0.362 0.000 0.000
3.000 2.732 0.737 0.362 0.000 0.000
3.000 2.732 0.737 0.362 0.000 0.000
3.000 2.732 0.737 0.362 0.000 0.000
3.000 2.732 0.737 0.362 0.000 0.000
3.000 2.732 0.737 0.362 0.000 0.000
3.000 2.732 0.737 0.362 0.000 0.000
3.000 2.732 0.737 0.362 0.000 0.000
3.000 2.732 0.737 0.362 0.000 0.000
3.000 2.732 0.737 0.362 0.000 0.000
3.000 2.732 0.737 0.362 0.000 0.000
3.000 2.732 0.737 0.362 0.000 0.000
3.000 2.732 0.737 0.362 0.000 0.000
