2.605340 2.026433 1.771558 1.825967 0.218182 -0.117784
2.624747 2.843085 2.141529 1.057728 0.354546 0.042663
1.667699 2.909578 2.326041 1.100230 0.354769 0.162824
1.419041 2.965677 1.748805 0.679397 0.344226 0.020483
2.002590 1.246164 2.786350 2.712104 0.363701 -0.310220
2.066952 2.709492 2.543385 2.507583 0.243697 -0.118654
1.912109 2.877272 1.454060 2.363023 0.132364 0.009273
1.593722 2.711497 1.545515 1.430664 0.224811 0.020300
2.328567 1.296648 2.164510 2.419387 0.365357 -0.238312
2.062065 2.187362 2.180697 2.186127 0.281159 0.024106
1.762844 2.212645 1.625190 1.989794 0.196000 0.027911
1.555539 1.875113 1.002318 1.837086 0.063570 -0.026991
2.715090 1.142722 2.028908 1.226504 0.406375 0.051769
2.126316 2.122697 1.528232 1.013840 0.384292 0.897484
1.496215 1.225712 2.029128 1.189539 0.377942 0.139127
1.428944 1.203683 1.442698 1.807009 0.328418 -0.416440